2978
2202
2783
2979
2782
2477
2474
2201
2476
2475
2337
2829
2618
2447
2522
2835
2950
2764
2216
2670
2536
2700
2561
2593
2173
2659
2498
2663
2525
2754
2509
2126
2691
2730
2555
2722
2336
2928
2902
2777
2877
2895
2706
2915
2775
2976
2745
2919
2933
2805
2119
2465
2665
2669
2666
2941
2779
2939
2468
2463
2297
2282
2193
2365
2286
2311
2329
2449
2891
2647
2986
2893
2533
2592
2640
2215
2602
2568
2644
2687
2549
2887
2909
2452
2539
2545
2652
2831
2524
2275
2826
2728
2931
2513
2793
2689
2690
2767
2649
2495
2969
2228
2520
2482
2573
2584
2582
2504
2907
2673
2872
2256
2954
2833
2861
2769
2651
2822
2947
2801
2984
2515
2596
2889
2750
2772
2473
2859
2694
2453
2517
2814
2483
2487
2912
2537
2712
2507
2855
2254
2844
2765
2781
2578
2461
2553
2739
2802
2583
2597
2678
2723
2581
2839
2873
2635
2816
2834
2762
2823
2693
2519
2600
2975
2213
2481
2233
2523
2836
2264
2900
2788
2466
2491
2535
2654
2530
2577
2752
2648
2991
2695
2497
2885
2982
2456
2529
2460
2609
2897
2721
2494
2685
2720
2751
2211
2643
2255
2458
2708
2837
2516
2854
2526
2575
2871
2620
2901
2518
2550
2590
2803
2899
2898
2511
2572
2798
2949
2681
2500
2261
2580
2981
2879
2562
2629
2637
2733
2469
2890
2794
2683
2448
2467
2799
2285
2488
2911
2892
2830
2521
2821
2742
2599
2657
2790
2705
2496
2862
2736
2786
2650
2680
2505
2613
2960
2876
2559
2825
2450
2710
2479
2945
2641
2528
2686
2451
2617
2567
2828
2661
2503
2756
2824
2591
2532
2484
2731
2470
2510
2527
2867
2587
2563
2983
2980
2655
2534
2726
2727
2958
2464
2698
2462
2645
2906
2653
2667
2551
2576
2501
2827
2747
2642
2455
2444
2646
2263
2846
2506
2883
2953
2485
2832
2574
2853
2611
2579
2959
2328
2299
2303
2355
2441
2359
2077
2015
2206
2937
2938
2320
2321
2324
2343
2345
2347
2738
2847
2753
2716
2770
2817
2724
2857
2744
2865
2759
2278
2971
2305
2301
2445
2362
2357
2208
2207
2300
2304
2356
2442
2361
2363
2306
2358
2446
2209
2302
2863
2719
2766
2768
2729
2852
2280
2773
2860
2869
2758
2974
2757
2774
2870
2851
2732
2819
2281
2820
2973
2438
2390
2472
2796
2850
2332
2319
2296
2287
2454
2804
2424
2437
2341
2514
2397
2326
2330
2936
2197
2271
2266
2388
2192
2248
2734
2604
2628
2242
2394
2257
2429
2246
2508
2619
2252
2331
2327
2267
2428
2194
2313
2946
2426
2621
2241
2797
2380
2570
2930
2800
2382
2616
2218
2260
2262
2660
2406
2310
2294
2316
2293
2235
2227
2314
2323
2935
2955
2333
2432
2198
2354
2339
2231
2625
2763
2244
2956
2392
2259
2199
2622
2367
2396
2240
2348
2594
2265
2874
2443
2961
2237
2384
2403
2277
2383
2401
2229
2253
2346
2795
2957
2399
2234
2195
2760
2701
2307
2457
2789
2312
2353
2292
2247
2398
2273
2864
2711
2205
2284
2662
2238
2288
2334
2245
2569
2589
2932
2393
2258
2387
2709
2214
2875
2419
2434
2543
2274
2436
2459
2656
2225
2658
2349
2791
2780
2230
2351
2190
2564
2948
2715
2546
2204
2904
2531
2239
2223
2548
2440
2838
2606
2565
2942
2283
2586
2923
2308
2352
2379
2471
2317
2315
2787
2405
2435
2335
2371
2541
2221
2868
2217
2203
2350
2894
2249
2416
2682
2295
2360
2250
2588
2605
2478
2430
2512
2538
2940
2212
2290
2598
2391
2375
2544
2717
2200
2571
2224
2631
2612
2439
2368
2291
2985
2272
2251
2322
2196
2377
2232
2191
2342
2480
2289
2219
2849
2951
2243
2236
2856
2222
2366
2914
2309
2402
2389
2318
2338
2921
2913
2810
2970
2270
2815
2896
2210
2809
2964
2990
2988
2925
2916
2840
2992
2943
2808
2962
2965
2778
2841
2926
2881
2878
2880
2908
2813
2924
2884
2966
2918
2905
2917
2920
2963
2934
2903
2784
2268
2929
2968
2276
2811
2845
2842
2713
2922
2987
2989
2967
2927
2910
2882
2812
2886
2977
2776
2785
2269
2843
2807
2749
2888
2944
2806
2585
2792
2566
2952
2226
2414
2344
2340
2298
2848
2858
2771
2866
2746
2761
2740
2725
2972
2755
2718
2279
2818
2615
2696
2374
2410
2692
2220
2675
2486
2702
2425
2540
2603
2737
2554
2636
2623
2676
2492
2632
2369
2556
2423
2672
2630
2627
2407
2415
2607
2626
2490
2378
2411
2413
2381
2421
2427
2684
2639
2595
2489
2748
2688
2404
2418
2664
2386
2417
2560
2608
2735
2679
2376
2741
2412
2704
2610
2552
2409
2697
2493
2373
2558
2557
2395
2634
2677
2431
2624
2714
2707
2372
2671
2601
2674
2699
2422
2433
2668
2325
2385
2743
2542
2364
2370
2547
2400
2614
2420
2633
2408
2638
2703
2502
2499